EBT: -5.000000
Profit: -4.900000
Ratio: 1.020408
